{
  "FileFormat": {
    "Version": "1",
    "Timestamp": "2024-12-10T01:29:34",
    "UnixTime": 1733448574
  },
  "Device": {
    "SerialNumber": "calibration",
    "DeviceType": "BARISTA",
    "BuildType": "P1",
    "BuildSubType": ""
  },
  "Metadata": {
    "AlgorithmVersion": 0,
    "Source": "Factory",
    "Tags": [],
    "NamedTags": {
      "CommitHash": "e60dc6889a9f38fa3528128acd47d76e2f6af7fc",
      "PackageName": "blackbox.barista_calibration_app.win",
      "PackageVersion": "PACKAGEVERSION",
      "calibration_type": "controller",
      "capture_time_epoch": "1733448537",
      "dataproc_test_id": "0101024001202407170003",
      "dc_type": "station-calibration",
      "location_id": "gtk",
      "os_fingerprint": "Windows 6.2, build #9200",
      "session_id": "a67cfe23-f972-4ea2-a3e2-5774a77868fa",
      "station_id": "001"
    }
  },
  "CameraCalibration": [
    {
      "Id": "0",
      "SensorType": "",
      "Shutter": {
        "Type": "Global"
      },
      "ImageSize": [
        1920,
        1200
      ],
      "DeviceFromCamera": [
        1.0,
        0.0,
        0.0,
        0.0,
        0.0,
        1.0,
        0.0,
        0.0,
        0.0,
        0.0,
        1.0,
        0.0,
        0.0,
        0.0,
        0.0,
        1.0
      ],
      "Projection": {
        "Model": "PinholeSymmetric",
        "Coefficients": [
          2172.683389669938,
          969.7005941436119,
          606.0023625274192
        ]
      },
      "Distortion": {
        "Model": "Fisheye62",
        "Coefficients": [
          0.09628287509645131,
          1.6789828322246599,
          -38.177252585102227,
          474.51234874796048,
          -2861.265977997369,
          6645.00677320951,
          -0.0007373957685805733,
          -0.0004447337320370856
        ]
      }
    },
    {
      "Id": "1",
      "SensorType": "",
      "Shutter": {
        "Type": "Global"
      },
      "ImageSize": [
        1920,
        1200
      ],
      "DeviceFromCamera": [
        0.296402528914229,
        -0.8753892724374451,
        0.3818889400790364,
        -0.18663284079974408,
        0.9037543612332196,
        0.3863772258661239,
        0.1842300026703936,
        -0.08728320926966622,
        -0.3088261572554769,
        0.290527556409781,
        0.9056600596036997,
        0.03396717359843434,
        0.0,
        0.0,
        0.0,
        1.0
      ],
      "Projection": {
        "Model": "PinholeSymmetric",
        "Coefficients": [
          2175.4836688086468,
          970.8317872743212,
          609.7055299652035
        ]
      },
      "Distortion": {
        "Model": "Fisheye62",
        "Coefficients": [
          0.14968313079974969,
          -0.6156879680948253,
          8.988717147031537,
          -58.10801728747613,
          238.69587207001769,
          -530.5482548050552,
          0.00021358231668860026,
          -0.0010090610481382093
        ]
      }
    },
    {
      "Id": "2",
      "SensorType": "",
      "Shutter": {
        "Type": "Global"
      },
      "ImageSize": [
        1920,
        1200
      ],
      "DeviceFromCamera": [
        -0.5087035045310793,
        -0.8492768555825664,
        0.14124293628209215,
        -0.051591571593331119,
        0.8031341623380884,
        -0.4090156821747901,
        0.433222447503114,
        -0.2444293502195889,
        -0.31015522204743775,
        0.3338188046034556,
        0.8901509669319158,
        0.05339887412053904,
        0.0,
        0.0,
        0.0,
        1.0
      ],
      "Projection": {
        "Model": "PinholeSymmetric",
        "Coefficients": [
          2174.548582753468,
          957.3923768570338,
          601.2281968714179
        ]
      },
      "Distortion": {
        "Model": "Fisheye62",
        "Coefficients": [
          0.10487114208516464,
          1.2041703902398827,
          -29.313546876028349,
          376.34553699395999,
          -2219.7479107277106,
          4854.630627632245,
          0.000551808669132119,
          -0.00011958453427032411
        ]
      }
    },
    {
      "Id": "3",
      "SensorType": "",
      "Shutter": {
        "Type": "Global"
      },
      "ImageSize": [
        1920,
        1200
      ],
      "DeviceFromCamera": [
        -0.9596293511166931,
        -0.252219687986021,
        0.12448589264486257,
        -0.06324974858986413,
        0.25824295211758077,
        -0.6147013950814941,
        0.7452870403854218,
        -0.4214819652878168,
        -0.11145441290927402,
        0.7473469233743447,
        0.6550194577002657,
        0.15863643416906376,
        0.0,
        0.0,
        0.0,
        1.0
      ],
      "Projection": {
        "Model": "PinholeSymmetric",
        "Coefficients": [
          2171.725077877585,
          957.3778376960099,
          614.263482047813
        ]
      },
      "Distortion": {
        "Model": "Fisheye62",
        "Coefficients": [
          0.20273573412589664,
          -3.707612633107858,
          90.22883018814533,
          -1077.8486277318635,
          6241.922642429228,
          -13931.277864557127,
          -0.0010799051718218933,
          -0.0008275326406604632
        ]
      }
    },
    {
      "Id": "4",
      "SensorType": "",
      "Shutter": {
        "Type": "Global"
      },
      "ImageSize": [
        1920,
        1200
      ],
      "DeviceFromCamera": [
        -0.5314895032361,
        0.7830432090096454,
        -0.3230514522080361,
        0.1566151114575098,
        -0.7906588499731865,
        -0.32175964072150978,
        0.520892807170385,
        -0.2939750454893952,
        0.3039366560797211,
        0.532272549007219,
        0.7901319147233803,
        0.11400130194296442,
        0.0,
        0.0,
        0.0,
        1.0
      ],
      "Projection": {
        "Model": "PinholeSymmetric",
        "Coefficients": [
          2178.6749768077995,
          967.8790557276465,
          623.2259725266104
        ]
      },
      "Distortion": {
        "Model": "Fisheye62",
        "Coefficients": [
          0.12524008888063788,
          -0.18890802507732885,
          12.401152985509845,
          -173.50697803631338,
          1033.1465254861758,
          -2213.4634583985068,
          -0.00041997120045167836,
          -0.00026886708037028015
        ]
      }
    }
  ]
}